Galois Benchmark Suite v2.2.1 (r0)
Copyright (C) 2014 The University of Texas at Austin
http://iss.ices.utexas.edu/galois/

application: Page Rank
Computes page ranks a la Page and Brin

INFO: CommandLine ./../Galois-2.2.1/build/apps/pagerank/pagerank graphconvertoutput -graphTranspose=graphconvertoutput -t 64
INFO: Hostname arya
Running Pull version
Target max delta: 0.01
iteration: 1 max delta: 0.85 small delta: 0 (0)
iteration: 2 max delta: 0 small delta: 262144 (1)
Rank PageRank Id
1: 0.15 0x7f41949c4000
2: 0.15 0x7f41949c4018
3: 0.15 0x7f41949c4030
4: 0.15 0x7f41949c4048
5: 0.15 0x7f41949c4060
6: 0.15 0x7f41949c4078
7: 0.15 0x7f41949c4090
8: 0.15 0x7f41949c40a8
9: 0.15 0x7f41949c40c0
10: 0.15 0x7f41949c40d8
STATTYPE,LOOP,CATEGORY,n,sum,T0,T1,T2,T3,T4,T5,T6,T7,T8,T9,T10,T11,T12,T13,T14,T15,T16,T17,T18,T19,T20,T21,T22,T23,T24,T25,T26,T27,T28,T29,T30,T31,T32,T33,T34,T35,T36,T37,T38,T39,T40,T41,T42,T43,T44,T45,T46,T47,T48,T49,T50,T51,T52,T53,T54,T55,T56,T57,T58,T59,T60,T61,T62,T63
STAT,(NULL),Conflicts,64,0,0,0,0,0,0,0,0,0,0,0,0,0,0,0,0,0,0,0,0,0,0,0,0,0,0,0,0,0,0,0,0,0,0,0,0,0,0,0,0,0,0,0,0,0,0,0,0,0,0,0,0,0,0,0,0,0,0,0,0,0,0,0,0,0
STAT,(NULL),Iterations,64,524288,8012,8092,7932,8060,7980,7984,7896,8060,8152,8088,8098,8026,7976,8048,8184,8064,7956,8120,8016,8154,8222,8072,8122,8028,8166,8156,7986,7956,9378,9038,9260,9296,9144,8226,9452,9398,7980,8036,8002,8080,7954,7972,7974,8050,8110,8132,8062,8060,7872,8072,8160,8014,8060,8070,7986,8136,8152,8116,8120,7978,8162,8118,8062,8000
STAT,(NULL),LoopTime,64,12,12,0,0,0,0,0,0,0,0,0,0,0,0,0,0,0,0,0,0,0,0,0,0,0,0,0,0,0,0,0,0,0,0,0,0,0,0,0,0,0,0,0,0,0,0,0,0,0,0,0,0,0,0,0,0,0,0,0,0,0,0,0,0,0
STAT,(NULL),MeminfoPost,64,128,2,2,2,2,2,2,2,2,2,2,2,2,2,2,2,2,2,2,2,2,2,2,2,2,2,2,2,2,2,2,2,2,2,2,2,2,2,2,2,2,2,2,2,2,2,2,2,2,2,2,2,2,2,2,2,2,2,2,2,2,2,2,2,2
STAT,(NULL),MeminfoPre,64,128,2,2,2,2,2,2,2,2,2,2,2,2,2,2,2,2,2,2,2,2,2,2,2,2,2,2,2,2,2,2,2,2,2,2,2,2,2,2,2,2,2,2,2,2,2,2,2,2,2,2,2,2,2,2,2,2,2,2,2,2,2,2,2,2
STAT,(NULL),Threads,64,64,64,0,0,0,0,0,0,0,0,0,0,0,0,0,0,0,0,0,0,0,0,0,0,0,0,0,0,0,0,0,0,0,0,0,0,0,0,0,0,0,0,0,0,0,0,0,0,0,0,0,0,0,0,0,0,0,0,0,0,0,0,0,0,0
STAT,(NULL),Time,64,12,12,0,0,0,0,0,0,0,0,0,0,0,0,0,0,0,0,0,0,0,0,0,0,0,0,0,0,0,0,0,0,0,0,0,0,0,0,0,0,0,0,0,0,0,0,0,0,0,0,0,0,0,0,0,0,0,0,0,0,0,0,0,0,0
STAT,(NULL),TotalTime,64,115,115,0,0,0,0,0,0,0,0,0,0,0,0,0,0,0,0,0,0,0,0,0,0,0,0,0,0,0,0,0,0,0,0,0,0,0,0,0,0,0,0,0,0,0,0,0,0,0,0,0,0,0,0,0,0,0,0,0,0,0,0,0,0,0
